0 25.000000000 0.000000000 -5.000000000 -0.448297854 -0.448297854 0.546835472 0.546835472
1 24.829629431 2.588188218 -4.869100424 -0.423279572 -0.474464167 0.570756597 0.519572002
2 24.330128175 4.999995997 -4.738200847 -0.398047726 -0.497863010 0.592452057 0.492636774
3 23.535536147 7.071063330 -4.607301243 -0.374087330 -0.517613368 0.611130801 0.467604763
4 22.500004003 8.660249415 -4.476401694 -0.352808506 -0.533150944 0.626368259 0.446025821
5 21.294100519 9.659255426 -4.345502108 -0.335519448 -0.544122005 0.637968042 0.429365486
6 20.000006338 10.000000000 -4.214602485 -0.323506389 -0.550211722 0.645759008 0.419053675
7 18.705912301 9.659262296 -4.083702937 -0.318184439 -0.550949519 0.649356976 0.416591896
8 17.500008007 8.660263283 -3.952803388 -0.321242506 -0.545522581 0.647890721 0.423610646
9 16.464472816 7.071081257 -3.821903691 -0.334613068 -0.532667230 0.639715064 0.441660902
10 15.669878461 5.000018984 -3.691004217 -0.359893497 -0.510880414 0.622338660 0.471351743
11 15.170374082 2.588214434 -3.560104668 -0.396738206 -0.479487944 0.593310711 0.510560973
12 15.000000000 0.000025352 -3.429204971 -0.440776192 -0.440777022 0.552916306 0.552915477
13 15.170367212 -2.588163155 -3.298305422 -0.484079741 -0.401105717 0.506846219 0.589820243
14 15.669865189 -4.999973009 -3.167405874 -0.519673321 -0.367957377 0.464067090 0.615783034
15 16.464454047 -7.071043718 -3.036506325 -0.544951048 -0.345671832 0.431247968 0.630527184
16 17.499983987 -8.660235547 -2.905606776 -0.560643289 -0.334790152 0.410566429 0.636419566
17 18.705886661 -9.659248556 -2.774707079 -0.568465389 -0.333935136 0.401306086 0.635836340
18 19.999980986 -10.000000000 -2.643807381 -0.569887422 -0.341350089 0.401770958 0.630308290
19 21.294074304 -9.659269475 -2.512907982 -0.565872424 -0.355473121 0.410209567 0.620608871
20 22.499981016 -8.660275959 -2.382008433 -0.556984216 -0.374976498 0.425037711 0.607045429
21 23.535518220 -7.071099183 -2.251108587 -0.543585101 -0.398628960 0.444776243 0.589732384
22 24.330114605 -5.000043004 -2.120209336 -0.526043924 -0.425150169 0.467932977 0.568826733
23 24.829622638 -2.588238922 -1.989309490 -0.504924093 -0.453138223 0.492940624 0.544726494
24 25.000000000 -0.000050704 -1.858409941 -0.481110718 -0.481109706 0.518201158 0.518202170
25 24.829636378 2.588136364 -1.727510393 -0.455829641 -0.507643649 0.542228086 0.490414077
26 24.330141148 4.999951054 -1.596610844 -0.430547925 -0.531558978 0.563814362 0.462803309
27 23.535555759 7.071024105 -1.465711296 -0.406811196 -0.552029117 0.582130492 0.436912571
28 22.500026991 8.660222871 -1.334811747 -0.386109691 -0.568576246 0.596700060 0.414233505
29 21.294125583 9.659241994 -1.203911901 -0.369844210 -0.580952181 0.607264328 0.396156357
30 20.000034074 10.000000000 -1.073012650 -0.359401529 -0.588952340 0.613583432 0.384032621
31 18.705937940 9.659276036 -0.942112803 -0.356298025 -0.592198379 0.615206806 0.379306451
32 17.500032027 8.660291019 -0.811213553 -0.362299344 -0.589901761 0.611221387 0.383618970
33 16.464490743 7.071117109 -0.680313706 -0.379315930 -0.580645983 0.600015991 0.398685938
34 15.669891733 5.000064960 -0.549414158 -0.408654562 -0.562413994 0.579309297 0.425549864
35 15.170381260 2.588268015 -0.418514609 -0.449164926 -0.533534038 0.547176252 0.462807140
36 15.000000000 0.000076055 -0.287614763 -0.495182841 -0.495185376 0.504771213 0.504768679
37 15.170360342 -2.588111876 -0.156715512 -0.537847464 -0.453463061 0.458572710 0.542957114
38 15.669851322 -4.999924969 -0.025815964 -0.570562380 -0.416741895 0.417536111 0.571356596
39 16.464436964 -7.071009551 0.105084181 -0.591963195 -0.390527577 0.387533988 0.588969606
40 17.499962031 -8.660210195 0.235983133 -0.603823413 -0.376084791 0.369879113 0.597617735
41 18.705859870 -9.659234198 0.366882682 -0.608359042 -0.372305586 0.363339666 0.599393122
42 19.999955634 -10.000000000 0.497782826 -0.607168208 -0.377458332 0.366023769 0.595733645
43 21.294049816 -9.659282597 0.628682375 -0.601173400 -0.389909170 0.376158864 0.587423094
44 22.499956995 -8.660303695 0.759581327 -0.590841530 -0.408229679 0.392213087 0.574824938
45 23.535500294 -7.071135036 0.890481472 -0.576429288 -0.431086036 0.412782684 0.558125936
46 24.330101928 -5.000086915 1.021381021 -0.558210472 -0.457104023 0.436450740 0.537557190
47 24.829615459 -2.588292503 1.152280569 -0.536673513 -0.484804802 0.461713398 0.513582109
48 25.000000000 -0.000101407 1.283180118 0.512655801 0.512653775 -0.487015484 -0.487017510
49 24.829642939 2.588087388 1.414079666 0.487368049 0.539211694 -0.510885354 -0.459041708
50 24.330155016 4.999903013 1.544979215 0.462294962 0.563314976 -0.532099606 -0.431079592
51 23.535575371 7.070984881 1.675878763 0.439028185 0.584185510 -0.549782088 -0.404624763
52 22.500048946 8.660197519 1.806778312 0.419125037 0.601415180 -0.563383960 -0.381093817
53 21.294152374 9.659227637 1.937677860 0.404065944 0.614836174 -0.572554863 -0.361784633
54 20.000061810 9.999999999 2.068577409 0.395318950 0.624324394 -0.576952845 -0.347947401
55 18.705962428 9.659289159 2.199476957 0.394463441 0.629565964 -0.576031737 -0.340929213
56 17.500053982 8.660316370 2.330376506 0.403262877 0.629788159 -0.568833204 -0.342307922
57 16.464512041 7.071159705 2.461276054 0.423461224 0.623474567 -0.553855428 -0.353842085
58 15.669904410 5.000108870 2.592176199 0.455880474 0.608284443 -0.529274575 -0.376870606
59 15.170387822 2.588316991 2.723075151 0.498492706 0.581913214 -0.494149500 -0.410728992
60 15.000000000 0.000136296 2.853974700 0.544725186 0.544729669 -0.450859236 -0.450854754
61 15.170353780 -2.588062900 2.984874845 0.585550068 0.502328962 -0.406348070 -0.489569176
62 15.669838646 -4.999881058 3.115774393 -0.615121610 -0.463341473 0.368756690 0.520536827
63 16.464415666 -7.070966954 3.246673346 -0.633035994 -0.434061185 0.342700808 0.541675617
64 17.499935947 -8.660180074 3.377572894 -0.641687177 -0.416488952 0.328658975 0.553857200
65 18.705830777 -9.659218606 3.508472443 -0.643546342 -0.409928282 0.325072295 0.558690355
66 19.999930283 -9.999999999 3.639372587 -0.640256273 -0.412788148 0.330004023 0.557472147
67 21.294025328 -9.659295720 3.770272136 -0.632694042 -0.423429013 0.341747477 0.551012506
68 22.499935040 -8.660329046 3.901171684 -0.621252609 -0.440355523 0.358867789 0.539764875
69 23.535478995 -7.071177632 4.032071233 -0.606112388 -0.462149431 0.380060007 0.524022964
70 24.330086868 -5.000139084 4.162970781 -0.587478458 -0.487356997 0.403998773 0.504120234
71 24.829607663 -2.588350691 4.293869734 0.565782979 0.514437296 -0.429258856 -0.480604539
72 24.999999999 -0.000152111 4.424770474 0.541822994 0.541819987 -0.454343599 -0.454346607
73 24.829649500 2.588038412 4.555670023 0.516789029 0.568058898 -0.477809617 -0.426539748
74 24.330167692 4.999859102 4.686568975 0.492168253 0.592009414 -0.498424279 -0.398583118
75 23.535593297 7.070949027 4.817468524 0.469577690 0.612929332 -0.515263231 -0.371911589
76 22.500075031 8.660167398 4.948368073 0.450618256 0.630453613 -0.527696761 -0.347861404
77 21.294181467 9.659212044 5.079267025 0.436821658 0.644456379 -0.535272298 -0.327637577
78 20.000082393 9.999999999 5.210168362 0.429697053 0.654846270 -0.537539737 -0.312390519
79 18.705986916 9.659302281 5.341067314 0.430820549 0.661323218 -0.533867815 -0.303365146
80 17.500075938 8.660341721 5.471966267 0.441844443 0.663096764 -0.523300290 -0.302047969
81 16.464529968 7.071195558 5.602866411 0.464194349 0.658589344 -0.504560343 -0.310165347
82 15.669919470 5.000161039 5.733765364 0.498089828 0.645359979 -0.476482920 -0.329212769
83 15.170395618 2.588375179 5.864665508 0.540787046 0.620965985 -0.439298867 -0.359119927
84 15.000000001 0.000177463 5.995565653 0.585478633 0.585484227 -0.396501845 -0.396496251
85 15.170347219 -2.588013924 6.126464605 0.623752379 0.543934282 -0.354985242 -0.434803339
86 15.669825970 -4.999837147 6.257364750 0.650599270 0.504484764 -0.321620456 -0.467734962
87 16.464397740 -7.070931100 6.388263702 0.666037448 0.473604032 -0.299749218 -0.492182634
88 17.499913992 -8.660154722 6.519162655 -0.672571172 -0.453866666 0.289231011 0.507935517
89 18.705806289 -9.659205482 6.650062799 -0.672691509 -0.445074258 0.288366854 0.515984105
90 19.999904931 -9.999999998 6.780962944 -0.668036918 -0.445902296 0.295273632 0.517408254
91 21.294000840 -9.659308842 6.911861897 -0.659465387 -0.454800031 0.308348696 0.513014052
92 22.499913084 -8.660354397 7.042762041 -0.647341657 -0.470265452 0.326263774 0.503339978
93 23.535461068 -7.071213484 7.173660994 0.631814388 0.490834858 -0.347812821 -0.488792351
94 24.330074192 -5.000182994 7.304561138 0.613056704 0.515003549 -0.371761738 -0.469814893
95 24.829601101 -2.588399667 7.435460091 0.591469783 0.541193098 -0.396767840 -0.447044526
