0 25.000000000 0.000000000 -5.000000000 -0.448297854 -0.448297854 0.546835472 0.546835472
1 24.825981263 2.590642137 -4.943698307 -0.422891962 -0.473460469 0.571141210 0.520379949
2 24.329884207 5.016671989 -4.804215894 -0.397963917 -0.496738869 0.592745336 -0.493485748
3 23.547179690 7.087594770 -4.677008763 -0.374362614 -0.516147956 0.611351423 -0.468714582
4 22.506052779 8.704548475 -4.550615245 -0.353094494 -0.531580499 0.626784912 -0.447087381
5 21.303619914 9.679650191 -4.409653607 -0.336274284 -0.542452895 0.638039570 -0.430778330
6 19.991146945 10.054065378 -4.273044151 -0.324471420 -0.548504510 0.646158968 -0.419928193
7 18.704374196 9.688332105 -4.142154595 -0.319490278 -0.549122224 0.649599598 -0.417625559
8 17.476507009 8.696088367 -3.971631159 -0.322558559 -0.544376949 0.647887946 -0.424088343
9 16.419332191 7.094505357 -3.820655082 -0.336226825 -0.531798956 0.639506725 -0.441783364
10 15.526255003 5.044066419 -3.712158099 -0.359725347 -0.510149169 0.622682201 -0.471818161
11 15.052090707 2.669198197 -3.551744257 0.395716151 0.480240309 -0.594289061 0.509508082
12 14.842677463 0.030728768 -3.400709323 0.440500172 0.441344384 -0.553272786 0.552325952
13 15.064612109 -2.536719917 -3.280059594 0.483066636 0.402293379 -0.508204146 0.588672413
14 15.583085166 -4.954470878 -3.132715493 0.518688137 0.369718381 -0.465515161 0.614464458
15 16.399959893 -7.035739086 -3.029814680 0.543630616 0.347233211 -0.433085777 0.629548696
16 17.459342083 -8.616197022 -2.891064161 0.559227002 0.336834784 -0.412317067 0.635454267
17 18.718685279 -9.590666502 -2.745140013 0.566999724 0.336633195 -0.403103066 0.634584370
18 20.027325614 -9.966242293 -2.618440741 0.568502997 0.343691174 -0.403250119 0.629340974
19 21.327299936 -9.620759598 -2.486122928 0.564449277 0.357688363 -0.411530491 0.619756971
20 22.519819490 -8.623229124 -2.359537166 0.555686828 0.376707849 -0.426177284 0.606363149
21 23.537099317 -7.082653513 -2.225226908 0.542855289 0.399504819 -0.445331968 0.589392461
22 24.328095814 -5.023170556 -2.104821883 0.525474595 0.425448638 -0.468313855 0.568816349
23 24.830085502 -2.610805817 -1.987538965 0.504418400 0.453032385 -0.493178486 0.545067626
24 25.007485385 -0.027126581 -1.871405402 0.480837089 0.480472755 -0.518316360 0.518931380
25 24.841625712 2.561677975 -1.761400260 -0.455719855 -0.506495591 0.542371166 -0.491543639
26 24.350599218 4.996166885 -1.642159374 -0.430512487 -0.530161206 0.564065621 -0.464131523
27 23.564169890 7.083237034 -1.524084234 -0.406851127 -0.550376818 0.582438803 -0.438545961
28 22.517980273 8.697989644 -1.390821959 -0.386293794 -0.566807966 0.597221697 -0.415730778
29 21.310188197 9.710252122 -1.240702645 -0.370426864 -0.579226291 0.607692538 -0.397480341
30 20.045320697 10.021390856 -1.110897219 -0.360818818 -0.586878642 0.613744089 -0.385618248
31 18.712859293 9.698672116 -0.957478428 -0.357501618 -0.590536455 0.615337031 -0.380551739
32 17.487263852 8.698366043 -0.776194303 -0.364062748 -0.588774968 0.610971785 -0.384077895
33 16.421021434 7.114020615 -0.625853563 -0.380900413 -0.580058873 0.599706145 -0.398496071
34 15.558413318 5.082491685 -0.470171764 -0.409010273 -0.562861241 0.579289499 -0.424642788
35 15.018343527 2.644117213 -0.346782063 -0.448898186 -0.534054519 0.547362474 -0.462245078
36 14.820904614 0.015862068 -0.231700049 0.494668406 0.495483469 -0.505165363 0.504586223
37 15.010952379 -2.541817369 -0.082137108 0.536729479 0.454723437 -0.459496780 0.542227601
38 15.543013084 -4.987553688 0.049154577 0.569676425 0.418092931 -0.418355700 0.570653643
39 16.426344124 -7.008765916 0.130730202 0.589425172 0.393237050 -0.389794350 0.588220157
40 17.431215956 -8.730302931 0.292584261 0.603633648 0.376486124 -0.370076923 0.597434254
41 18.723548429 -9.586306674 0.348043674 0.605741522 0.374641638 -0.365862689 0.599053707
42 20.024548793 -9.949240618 0.497171977 0.604903307 0.379642958 -0.368009363 0.595426169
43 21.361937683 -9.638540283 0.648703297 0.598870889 0.392053162 -0.377971276 0.587184546
44 22.512369019 -8.626076872 0.778142369 0.589273788 0.409664287 -0.393470340 0.574554319
45 23.553720882 -7.065489799 0.918823323 0.575201632 0.431987017 -0.413675155 0.558035093
46 24.324294649 -5.042775658 1.047836398 0.557668356 0.456956696 -0.436877063 0.537898703
47 24.831902681 -2.636046541 1.165820148 0.536070247 0.484378931 -0.461874170 0.514468650
48 25.017391943 -0.057739012 1.291860487 0.512407967 0.511761977 -0.486922831 0.488307190
49 24.858209238 2.548140302 1.404469834 0.487191223 0.537956473 -0.510953602 0.460623449
50 24.377768695 4.968814755 1.526908161 0.462317606 0.561742569 -0.532151984 0.433038085
51 23.592929404 7.067982692 1.645644650 0.439090992 0.582370920 -0.550057751 0.406791941
52 22.543266193 8.700483697 1.784555937 0.419289672 0.599701796 -0.563907177 0.382834982
53 21.356681312 9.691444618 1.940154015 0.405026390 0.612994523 -0.572719503 0.363570777
54 20.022646101 10.059751037 2.065883972 0.396162402 0.622517752 -0.577545069 0.349240165
55 18.733434504 9.702252062 2.250123008 0.396218148 0.628027515 -0.575937465 0.341889831
56 17.483841424 8.709364559 2.393147390 0.404824558 0.628652353 -0.568773949 0.342650683
57 16.430000023 7.074058211 2.469310696 0.424474744 0.621353951 -0.554166547 0.355865000
58 15.591638454 4.996983232 2.671974510 0.455869235 0.607999906 -0.528602979 0.378283288
59 15.051398173 2.624052563 2.866768599 0.498122454 0.582915258 -0.493662893 0.410342260
60 14.866231139 0.036696839 3.023362075 0.544408533 0.546148980 -0.450680562 0.449697312
61 15.012111676 -2.582268580 3.103402443 0.584809097 0.503466847 -0.406599061 0.489077354
62 15.568101260 -5.030109871 3.218776405 0.613938079 0.464396653 -0.369616330 0.520384043
63 16.401509151 -7.095075998 3.300360040 0.632397481 0.434829988 -0.343188161 0.541496255
64 17.431302670 -8.701843625 3.457012154 0.641172495 0.417598356 -0.328636275 0.553631324
65 18.621844847 -9.779981989 3.656442491 0.643870370 0.410716171 -0.324020491 0.558349258
66 20.077892317 -9.930578721 3.611753696 0.636885016 0.415162606 -0.332870352 0.557866307
67 21.324856329 -9.610826196 3.757450954 0.630059294 0.425121061 -0.343877602 0.551403268
68 22.537840135 -8.639443915 3.904945432 0.619086801 0.441597919 -0.360466633 0.540172766
69 23.559132022 -7.037699021 4.027347190 0.604195284 0.462883531 -0.381657736 0.524427563
70 24.375249148 -5.065651709 4.236788352 0.586512809 0.487459628 -0.404327445 0.504881326
71 24.840857009 -2.620268542 4.304826405 0.564944233 0.513849980 -0.429846107 0.481693405
72 25.029413201 -0.053739276 4.449823152 0.541421137 0.540836119 -0.454502028 0.455836980
73 24.878371707 2.535209848 4.578294572 0.516662386 0.566742546 -0.477780346 0.428472644
74 24.398296835 4.969411610 4.692928909 0.492095588 0.590384222 -0.498612539 0.400841538
75 23.614847883 7.073171800 4.830251541 0.469770173 0.611199217 -0.515640283 0.373987434
76 22.559130943 8.712940758 4.969796894 0.450767520 0.628952032 -0.528291314 0.349480003
77 21.348593589 9.722668375 5.130238335 0.437506573 0.642963264 -0.535642705 0.329048830
78 20.036078247 10.086814011 5.257601883 0.430497920 0.653278810 -0.538253041 0.313340072
79 18.763719420 9.763600256 5.327898401 0.430160772 0.659432246 -0.535326157 0.305837749
80 17.525796362 8.749097188 5.402634071 0.440596084 0.661242386 -0.525250532 0.304541420
81 16.433092347 7.131022890 5.684624421 0.465279035 0.657327731 -0.504997264 0.310505132
82 15.562760482 5.084550080 5.839162022 0.496640995 0.646357608 -0.476537056 0.329366055
83 15.084428880 2.628627785 5.958107129 0.539420647 0.620722255 -0.440223889 0.360461061
84 14.912559917 -0.038814609 6.139344242 0.584854566 0.586552393 -0.395288625 0.397049531
85 15.055629877 -2.649010465 6.267204803 0.623260028 0.545362966 -0.353390222 0.435018992
86 15.526190449 -5.079743375 6.411071684 0.650419559 0.505871940 -0.319809287 0.467728551
87 16.405433287 -7.155062484 6.601102823 0.665098328 0.475028378 -0.300043523 0.491900537
88 17.499858522 -8.737028233 6.687679999 0.671010951 0.455503550 -0.290289624 0.507929871
89 18.554859147 -9.825512419 6.795124944 0.673343108 0.444863487 -0.286471105 0.516371808
90 20.115411524 -9.962700125 6.739496500 0.664093152 0.447942496 -0.298426729 0.518911643
91 21.425287263 -9.601785149 6.881485065 0.655651931 0.456835472 -0.311507300 0.514183916
92 22.645211223 -8.618193163 6.994141690 0.643817088 0.471330504 -0.329551049 0.504720932
93 23.612130099 -7.052745943 7.184726575 0.629320373 0.491701178 -0.349667420 0.489814776
94 24.381641369 -5.152766412 7.417828564 0.612174424 0.514724108 -0.371210585 0.471703581
95 24.858583986 -2.627317032 7.441453392 0.590345510 0.540448400 -0.397578117 0.448708531
