0 25.000000000 0.000000000 -5.000000000 -0.448297854 -0.448297854 0.546835472 0.546835472
1 24.825981263 2.590642137 -4.943698307 -0.422891962 -0.473460469 0.571141210 0.520379949
2 24.279534689 5.026735162 -4.670562482 -0.399431137 -0.498137260 0.591535457 -0.492341182
3 23.527972371 7.226015772 -4.605183333 -0.373671397 -0.517856777 0.611778991 -0.466819571
4 22.435048003 8.951322329 -4.631429039 -0.349424835 -0.532161760 0.629965456 -0.444802958
5 21.245886873 9.989032416 -4.618636385 -0.330185302 -0.542161897 0.642920915 -0.428591694
6 19.963804955 10.402226852 -4.488824210 -0.316600709 -0.548179283 0.651369623 -0.418307397
7 18.652630413 10.092777271 -4.434775559 -0.309163687 -0.548251835 0.656613626 -0.415567426
8 17.434680661 9.002368211 -4.245848460 -0.313622471 -0.543143877 0.654120700 -0.422802299
9 16.336228308 7.341345803 -3.984797739 -0.329022275 -0.532129663 0.644141999 -0.440072097
10 15.480705419 5.140632611 -3.743412132 -0.357339478 -0.511604851 0.624237178 -0.469996723
11 14.998517161 2.750207056 -3.613913008 0.393823290 0.480640315 -0.595689497 0.508961813
12 14.914964385 0.140354501 -3.495871705 0.437717935 0.441918107 -0.556001303 0.551338324
13 15.118241027 -2.441444624 -3.395096841 0.480254313 0.402531424 -0.510950560 0.588433321
14 15.663507570 -4.909955612 -3.266570366 0.516092716 0.369368931 -0.467814453 0.615113436
15 16.447672257 -7.009105850 -3.154720653 0.541718724 0.346981919 -0.434539486 0.630333092
16 17.425334337 -8.692266109 -3.085627422 0.557568895 0.334848485 -0.412502217 0.637836453
17 18.645294996 -9.639436872 -2.923066426 0.565414649 0.334957019 -0.403585423 0.636575900
18 19.928113791 -9.986296084 -2.813787716 0.566965652 0.341938336 -0.403835710 0.631304082
19 21.316058754 -9.588349416 -2.690271647 0.562273622 0.356146659 -0.413794523 0.621113536
20 22.502398343 -8.563532714 -2.581601893 0.553199373 0.375263092 -0.428704384 0.607750456
21 23.498664352 -7.064553093 -2.351637010 0.541248274 0.399026067 -0.445978411 0.590704461
22 24.238219854 -5.158571341 -2.265976492 0.524324547 0.424052570 -0.467198271 0.571829487
23 24.753181932 -2.723532006 -2.146532721 0.503584834 0.451467988 -0.492640529 0.547616909
24 24.987234163 -0.135087253 -2.035338851 0.479858570 0.478750625 -0.518269422 0.521469461
25 24.766171728 2.596167239 -1.830658107 -0.454628118 -0.506581735 0.543019477 -0.491750005
26 24.267887737 4.913547290 -1.671192351 -0.430815318 -0.530054317 0.563193027 -0.465031394
27 23.488171137 7.216758209 -1.617014660 -0.403817793 -0.551087321 0.584288485 -0.437996484
28 22.542864728 8.897179801 -1.636151098 -0.380745758 -0.566081097 0.601273178 -0.415999309
29 21.386358582 9.951831905 -1.522637078 -0.363458080 -0.578343981 0.612202682 -0.398276713
30 20.121960667 10.310372729 -1.391362179 -0.352526395 -0.586041408 0.619009464 -0.386144912
31 18.816879746 9.971273729 -1.245038531 -0.348951453 -0.589398135 0.620914950 -0.381192007
32 17.578485625 9.013314965 -1.014662574 -0.355013180 -0.588697733 0.616525381 -0.383793011
33 16.505521152 7.378034074 -0.849156085 -0.372119982 -0.579903043 0.605338232 -0.398503205
34 15.615018344 5.153658020 -0.632189259 -0.404467861 -0.562628628 0.582123449 -0.425425747
35 15.046275230 2.708844833 -0.498704613 -0.445499229 -0.534609541 0.549256646 -0.462644801
36 14.915067370 0.075695368 -0.358339896 0.491357094 0.496580096 -0.506808536 0.505095557
37 15.134842750 -2.517419108 -0.272625595 0.533547268 0.454450993 -0.461907275 0.543546941
38 15.661415782 -4.915702876 -0.124715848 0.566516405 0.418550308 -0.421040391 0.571489100
39 16.480305295 -7.046339770 -0.053413410 0.587685028 0.391370982 -0.391060878 0.590361290
40 17.514490686 -8.651982456 0.085715472 0.599871844 0.377360242 -0.372699360 0.599039403
41 18.696829424 -9.661839827 0.146957343 0.603952741 0.372856873 -0.366356370 0.601665895
42 19.987713950 -10.004493662 0.272081783 0.603085646 0.377922566 -0.368868800 0.597827773
43 21.358133284 -9.589285532 0.372891169 0.596291753 0.389955549 -0.380694416 0.589442598
44 22.488123833 -8.661958292 0.496660020 0.586637581 0.407707729 -0.395043878 0.577556136
45 23.511830538 -7.109588809 0.582483877 0.572432862 0.429480952 -0.415383544 0.561536500
46 24.239923241 -5.208903599 0.756762165 0.555725253 0.455098804 -0.436038046 0.542148821
47 24.788232347 -2.801875389 0.891969420 0.534429784 0.482159449 -0.461510206 0.518570536
48 25.006694180 -0.100923119 1.062266559 0.510403799 0.510367628 -0.488014592 0.490769401
49 24.856946596 2.573744839 1.188848067 0.484453046 0.537247257 -0.512683672 0.462413325
50 24.334453881 4.861193294 1.433447313 0.461708685 0.561471229 -0.531264508 0.435124316
51 23.654812207 7.172892337 1.516844377 0.435904262 0.582467517 -0.552183993 0.407200078
52 22.717154492 8.898580030 1.545386815 0.413669349 0.598921682 -0.568161816 0.383878418
53 21.548287718 9.966194655 1.649874418 0.396841874 0.612446606 -0.577936598 0.365260141
54 20.258159560 10.287430785 1.801973817 0.388342938 0.621709800 -0.582205570 0.351714885
55 18.939521517 9.968010729 1.968902454 0.387042202 0.627432160 -0.581419472 0.344207229
56 17.708969507 8.849765536 2.149259585 0.396981712 0.628133271 -0.572715681 0.346194833
57 16.640205881 7.285504983 2.336469898 0.416515168 0.622791752 -0.558293046 0.356306642
58 15.770556361 5.119396176 2.505144888 0.450173803 0.608299520 -0.532362580 0.379348553
59 15.197622577 2.591244831 2.636712823 0.494002588 0.582297466 -0.495975022 0.413400390
60 14.996980102 -0.007739086 2.749942411 0.539998628 0.545847689 -0.452449096 0.453587475
61 15.198783527 -2.622263417 2.861656659 0.580549855 0.503457033 -0.408688203 0.492409215
62 15.711015073 -5.054855366 2.944546870 0.610002789 0.464192888 -0.371669644 0.523720571
63 16.458225143 -7.216410514 3.007518324 0.628148117 0.434241689 -0.344200623 0.546250885
64 17.514193366 -8.776581537 3.085934017 0.636399115 0.416515583 -0.331140760 0.558441342
65 18.757164812 -9.696685339 3.245281070 0.638430618 0.410267748 -0.328444246 0.562326505
66 19.985863057 -10.066553569 3.337294402 0.635157471 0.412978048 -0.332458418 0.561689877
67 21.300259141 -9.739122363 3.383479961 0.627357490 0.422284766 -0.344872258 0.556022735
68 22.557762482 -8.702630016 3.520717350 0.615851307 0.439254161 -0.362594967 0.544341656
69 23.605850246 -7.135794392 3.668067118 0.600747950 0.461081588 -0.383203589 0.528829537
70 24.296175966 -5.271436796 3.790497538 0.583850454 0.484779223 -0.404032861 0.510749645
71 24.916882624 -2.823127692 3.965352874 0.562165675 0.511367233 -0.430346135 0.487109342
72 25.050948304 -0.290661957 4.055984224 0.538813826 0.538105372 -0.454752547 0.461868370
73 24.922502352 2.418537273 4.328344807 0.514028886 0.565688380 -0.478232907 0.432509245
74 24.530647953 4.799333636 4.368556813 0.489016150 0.588488908 -0.499520632 0.406230414
75 23.847236206 6.979709031 4.557597377 0.466295679 0.609441080 -0.517476148 0.378640127
76 22.886917956 8.713013402 4.658829471 0.445516660 0.626993362 -0.531636356 0.354622354
77 21.713467102 9.767785105 4.778997463 0.430814717 0.641186253 -0.539512909 0.334969684
78 20.364522024 10.142888669 5.107956981 0.424877006 0.653029267 -0.540435337 0.317745106
79 19.097817638 9.865111986 5.181062648 0.423701587 0.659524696 -0.538351858 0.309324130
80 17.818834142 8.728205469 5.391794215 0.436559279 0.661817353 -0.525800594 0.308135559
81 16.755898375 7.179245068 5.510138934 0.457195188 0.658089146 -0.508040539 0.315889294
82 15.900672039 5.026505893 5.692853391 0.492062562 0.645421282 -0.479235589 0.334124310
83 15.338750790 2.487662812 5.794765403 0.535411594 0.621376477 -0.440751989 0.364641444
84 15.116916767 -0.113330827 5.924653843 0.580023534 0.586551520 -0.397681456 0.401720641
85 15.279581009 -2.756164783 5.950343285 0.618062152 0.544483468 -0.356666656 0.440824031
86 15.792953468 -5.156162345 6.058475849 0.644815132 0.505069533 -0.323954283 0.473467882
87 16.616615958 -7.175672354 6.169078337 0.659893838 0.474423235 -0.303635739 0.497260551
88 17.671857598 -8.717772360 6.274567603 0.666646973 0.454603053 -0.293923128 0.512373958
89 18.810164320 -9.735495493 6.351093691 0.666977667 0.445613348 -0.291920223 0.520914695
90 20.197280364 -9.935696901 6.570479001 0.662406229 0.447534708 -0.300418168 0.520268774
91 21.499905040 -9.570345388 6.734040624 0.653878529 0.456544156 -0.313463129 0.515510591
92 22.634532718 -8.740240865 6.662086719 0.641660811 0.469638232 -0.329783415 0.508875459
93 23.677948218 -7.082912473 6.931087798 0.626942739 0.490838878 -0.351236278 0.492598290
94 24.378786785 -5.289092428 6.950002995 0.608693924 0.513260031 -0.371838554 0.477275537
95 24.999826938 -2.807581242 7.065060897 0.586818948 0.538883417 -0.398414074 0.454438566
