0 25.000000000 0.000000000 -5.000000000 -0.448297854 -0.448297854 0.546835472 0.546835472
1 24.825981263 2.590642137 -4.943698307 -0.422891962 -0.473460469 0.571141210 0.520379949
2 24.325598291 5.034606183 -4.813391456 -0.397759884 -0.496787423 0.592931564 -0.493377636
3 23.537808371 7.136762075 -4.691517289 -0.373434699 -0.516569107 0.611651522 -0.468599295
4 22.494612389 8.712100172 -4.580375025 -0.352472275 -0.531577496 0.627013487 -0.447261387
5 21.288753016 9.666045697 -4.403667849 -0.336144994 -0.542606219 0.637559655 -0.431396245
6 19.994564539 10.096528360 -4.294854159 -0.323508119 -0.548817511 0.646145765 -0.420282627
7 18.616493094 9.785330052 -4.114422732 -0.317572594 -0.550496054 0.649814187 -0.416945158
8 17.378750194 8.820599491 -3.947363917 -0.320471305 -0.545864185 0.648633479 -0.422616900
9 16.338083267 7.161564723 -3.903578691 -0.333745410 -0.531384682 0.640705118 -0.442426574
10 15.561343863 5.087301729 -3.697479979 -0.359393834 -0.510832919 0.622828227 -0.471137772
11 14.988804410 2.658138040 -3.536517473 0.396142951 0.479799626 -0.594058601 0.509860236
12 14.872571774 -0.010538766 -3.389261394 0.441003763 0.440865946 -0.552951454 0.552627893
13 15.064471793 -2.525619419 -3.275015720 0.482923091 0.402742663 -0.508005474 0.588654461
14 15.536081450 -5.026966176 -3.134216030 0.518848845 0.369158891 -0.465147293 0.614943562
15 16.365798961 -7.132243646 -3.041706189 0.543736784 0.346309094 -0.432882631 0.630105506
16 17.454494974 -8.723745416 -2.879709811 0.559560659 0.336346736 -0.412059418 0.635586169
17 18.699885998 -9.759079947 -2.709615712 0.567817662 0.335787336 -0.401858254 0.635090475
18 20.027450324 -10.101224673 -2.610986723 0.568806934 0.343048012 -0.402564928 0.629855708
19 21.276605368 -9.677844798 -2.507086736 0.564761188 0.356484025 -0.411359907 0.620279749
20 22.525808819 -8.722783796 -2.360847498 0.555730215 0.376149563 -0.426041529 0.606765235
21 23.569168846 -7.040470452 -2.243723912 0.542323438 0.399981292 -0.445510908 0.589423689
22 24.335284297 -4.970830729 -2.150689005 0.524673774 0.425612210 -0.469032448 0.568841138
23 24.829359340 -2.590162413 -2.010429962 0.504150094 0.453046283 -0.493380230 0.545121727
24 25.008136951 -0.029661031 -1.863489951 0.480879983 0.480525501 -0.518242907 0.518916153
25 24.837836744 2.568093157 -1.762531918 -0.455719520 -0.506543272 0.542455227 -0.491402034
26 24.352796105 5.013965918 -1.613225343 -0.430798584 -0.530469012 0.564054426 -0.463527575
27 23.563029350 7.017008291 -1.530939790 -0.407652078 -0.549791470 0.582140574 -0.438932199
28 22.534683732 8.684698834 -1.408044834 -0.385873660 -0.566889518 0.597053971 -0.416250343
29 21.259306832 9.737561321 -1.223982195 -0.369804707 -0.579936337 0.607639901 -0.397104614
30 19.945269433 10.101755525 -1.083206058 -0.359139105 -0.588173972 0.613901737 -0.384961219
31 18.663409575 9.741440493 -1.002815662 -0.355802642 -0.590615299 0.615758637 -0.381338890
32 17.409302870 8.774702221 -0.793439243 -0.362070218 -0.589287335 0.611671360 -0.384062159
33 16.364929825 7.168727304 -0.615513958 -0.379477533 -0.580372478 0.600176559 -0.398688710
34 15.569034062 5.006166117 -0.500089174 -0.409503310 -0.561176743 0.579012226 -0.426769895
35 15.011910788 2.619661917 -0.386975970 -0.448530191 -0.533271142 0.547452688 -0.463398436
36 14.871794263 -0.007394511 -0.230656039 0.494646091 0.495649147 -0.504825621 0.504785360
37 15.051236909 -2.636184658 -0.032760224 0.538095857 0.454368703 -0.458032414 0.542409660
38 15.578446255 -5.034581798 0.068339327 0.569898717 0.417902444 -0.418366014 0.570563650
39 16.420132587 -7.126083200 0.210642386 0.591088257 0.392395918 -0.388352050 0.588067004
40 17.449312325 -8.756361083 0.275913687 0.602530263 0.376601303 -0.371555045 0.597558022
41 18.598639712 -9.823553455 0.459656066 0.608239484 0.372819785 -0.362653849 0.599610143
42 19.952454259 -10.087729349 0.484518814 0.606604100 0.377170533 -0.366163230 0.596404513
43 21.219022999 -9.847293037 0.733166461 0.601150916 0.390342585 -0.375071432 0.587853438
44 22.586156673 -8.708653518 0.799361563 0.589257229 0.409268354 -0.393878075 0.574574098
45 23.540021360 -7.128692582 0.947923907 0.575743850 0.431599574 -0.413161303 0.558156398
46 24.295032710 -5.100007692 1.088296630 0.558563878 0.456678940 -0.435958877 0.537950367
47 24.864655242 -2.621765213 1.175295747 0.535832877 0.484390555 -0.462426400 0.514208852
48 25.007812501 -0.055253118 1.297315505 0.512328358 0.511956110 -0.486761732 0.488347838
49 24.888665553 2.505203645 1.425166312 0.487613131 0.537635738 -0.510525906 0.461025538
50 24.407165489 4.968874381 1.468596696 0.461865191 0.561208726 -0.532681260 0.433561976
51 23.559823117 7.094357029 1.606097686 0.438517197 0.582089258 -0.550684613 0.406965871
52 22.503795554 8.741462338 1.769925346 0.418813155 0.599900862 -0.564494465 0.382178618
53 21.295158188 9.684434435 1.930134409 0.404496155 0.613289531 -0.572779364 0.363569268
54 19.958868479 10.071315597 2.086407116 0.395179412 0.623570769 -0.577103959 0.349204450
55 18.638778840 9.787272622 2.285799066 0.394103070 0.629468096 -0.576049018 0.341497020
56 17.397561864 8.806792382 2.386884564 0.402874026 0.629431156 -0.569671826 0.342027702
57 16.358055309 7.166966819 2.565376538 0.423697044 0.623172560 -0.553948402 0.353946243
58 15.650691569 4.977069139 2.557920583 0.456399859 0.605867765 -0.529879525 0.379277087
59 15.033302665 2.577798894 2.850229842 0.498832834 0.581830357 -0.493533267 0.411174117
60 14.862006333 -0.002216457 2.947403747 0.543363521 0.545191952 -0.451267338 0.451530298
61 15.058777611 -2.586404312 3.171618216 0.585207907 0.503354297 -0.406801342 0.488547670
62 15.524995502 -5.090611655 3.294271069 0.615722813 0.464409998 -0.367320405 0.519888923
63 16.414115320 -7.131722053 3.378992320 0.632091983 0.435006096 -0.344022105 0.541182237
64 17.392123523 -8.801829334 3.513999957 0.641524797 0.417084587 -0.328129367 0.553911095
65 18.740062847 -9.763005038 3.596361159 0.641857095 0.410853147 -0.326955233 0.558855470
66 20.057206871 -10.129311166 3.718100129 0.638627372 0.413192261 -0.331794675 0.557978073
67 21.385880524 -9.748883395 3.824888390 0.630971253 0.423668435 -0.344228726 0.551259394
68 22.519914253 -8.744418029 3.942723064 0.620354961 0.440374193 -0.359558197 0.540322306
69 23.641980771 -7.084536270 4.061315665 0.604099783 0.462301242 -0.382639080 0.524336103
70 24.375562810 -5.061582886 4.147378124 0.585850541 0.487076071 -0.404739978 0.505689228
71 24.870951900 -2.633610662 4.253806860 0.564157597 0.513831539 -0.429957852 0.482534560
72 25.015915019 0.022865680 4.358643692 0.540644322 0.540886612 -0.455762993 0.455439881
73 24.927337409 2.574357509 4.453168002 0.515418684 0.566134348 -0.479288814 0.429089399
74 24.390289785 5.002577677 4.639636416 0.491845806 0.590295878 -0.499407229 0.400288520
75 23.548101788 7.130552427 4.850184874 0.469815252 0.611723696 -0.516118854 0.372409825
76 22.521074807 8.665418004 4.873255007 0.450223704 0.629071106 -0.528468366 0.349698935
77 21.295620584 9.718073882 5.113933463 0.437169319 0.642942660 -0.535864647 0.329175946
78 19.990573897 10.094788553 5.250524091 0.429805507 0.653809431 -0.538249725 0.313189541
79 18.683246900 9.795208732 5.461126308 0.431216125 0.660130087 -0.534510955 0.304267911
80 17.409803480 8.810334402 5.613351586 0.441602964 0.663053578 -0.523702044 0.301799509
81 16.514057776 7.060603310 5.563673668 0.465062299 0.655660365 -0.505694738 0.313208200
82 15.666709926 5.038388878 5.709972973 0.496647014 0.644532158 -0.477867531 0.331002513
83 15.081322490 2.639166773 5.988695184 0.540597497 0.620738879 -0.439880352 0.359086155
84 14.895242243 -0.007905483 6.099737597 0.583070059 0.586150356 -0.397391353 0.398167275
85 15.029439349 -2.616395496 6.305250939 0.624883218 0.543611137 -0.354661006 0.433847284
86 15.590518248 -5.057256344 6.557805355 0.650474526 0.506140754 -0.321206064 0.466402286
87 16.298151023 -7.161388107 6.524086851 0.667293215 0.472512582 -0.299237264 0.491842134
88 17.429836867 -8.737558157 6.614068049 0.672816916 0.454012518 -0.288639492 0.507816183
89 18.787488935 -9.784730732 6.822489917 0.671309272 0.445785976 -0.290277681 0.516098433
90 20.129542124 -10.109956727 6.938577986 0.666174623 0.446933158 -0.297433245 0.517682904
91 21.267688142 -9.733500644 6.911463818 0.658548199 0.454615122 -0.308768643 0.514102407
92 22.470783861 -8.769165892 7.112860985 0.647272343 0.469579331 -0.326620089 0.503838351
93 23.596521508 -7.180510746 7.374628516 0.632351733 0.490458559 -0.348129679 0.488249337
94 24.320970660 -5.100938133 7.341597504 0.613350840 0.513448360 -0.372244806 0.470749757
95 24.869242483 -2.688921498 7.578119386 0.590970425 0.541257396 -0.396057893 0.448254987
