0 25.000000000 0.000000000 -5.000000000 -0.448297854 -0.448297854 0.546835472 0.546835472
1 24.825981263 2.590642137 -4.943698307 -0.422891962 -0.473460469 0.571141210 0.520379949
2 24.336463865 5.069389793 -4.766547847 -0.398034383 -0.497401190 0.592710927 -0.492802641
3 23.527856313 7.202505839 -4.612686727 -0.373781559 -0.517697381 0.611561289 -0.467193277
4 22.453842742 8.760872457 -4.507535563 -0.352228616 -0.532822373 0.626771403 -0.446310352
5 21.274030838 9.680921134 -4.403364859 -0.335890048 -0.542939249 0.638010835 -0.430507865
6 20.003687679 9.992688790 -4.262457411 -0.323954841 -0.548943470 0.645262397 -0.421130344
7 18.666765832 9.717333700 -4.136641541 -0.318100399 -0.549981260 0.649560894 -0.417616324
8 17.459206862 8.669179496 -4.030663548 -0.321421983 -0.544006453 0.648085429 -0.425123704
9 16.426071265 7.028106677 -3.856054964 -0.336110997 -0.530516214 0.638461654 -0.444914217
10 15.568226608 5.080829287 -3.692096482 -0.359534612 -0.511003045 0.622671835 -0.471052583
11 14.967842966 2.665096789 -3.541839405 0.395948208 0.479711476 -0.594168211 0.509966718
12 14.874290809 -0.098347952 -3.467368600 0.441040264 0.438747278 -0.552109149 0.555121428
13 14.974459099 -2.593358284 -3.296287914 0.483112875 0.401401822 -0.508448493 0.589031966
14 15.524441051 -5.057156127 -3.122464733 0.519299162 0.368928587 -0.464983935 0.614825194
15 16.338057089 -7.148012500 -3.057233098 0.543905095 0.345553882 -0.432777090 0.630447264
16 17.465396176 -8.726487312 -2.885770742 0.559567705 0.336212663 -0.412280083 0.635507798
17 18.637036889 -9.826795380 -2.730419371 0.567903422 0.334609679 -0.401938074 0.635584652
18 20.046287013 -10.123467454 -2.588308511 0.569404443 0.342686788 -0.402704236 0.629423263
19 21.254493551 -9.687220453 -2.553916655 0.564919409 0.355395287 -0.411736284 0.620510664
20 22.541949174 -8.724511111 -2.357833221 0.555702518 0.376264541 -0.426129271 0.606657688
21 23.542244198 -7.069631724 -2.329808938 0.541236272 0.398926452 -0.446895190 0.590089546
22 24.379956115 -5.027204789 -2.158375868 0.524803854 0.424976986 -0.469186544 0.569068943
23 24.819417243 -2.642148718 -1.939976006 0.505277145 0.453064031 -0.492472622 0.544884123
24 25.009276287 -0.046496206 -1.839267913 0.481125497 0.480692216 -0.517825607 0.518950759
25 24.837756757 2.552618529 -1.797996782 -0.455555735 -0.506047062 0.542632134 -0.491869607
26 24.326256655 5.049889616 -1.631630092 -0.430033988 -0.530810306 0.564378948 -0.463451822
27 23.527785798 7.197586337 -1.439781136 -0.406577373 -0.551674453 0.582415219 -0.437198640
28 22.527714112 8.719848222 -1.397546315 -0.386004812 -0.566725755 0.597137738 -0.416231577
29 21.233035314 9.760151620 -1.197696112 -0.369416242 -0.580545253 0.607570455 -0.396682482
30 19.997150054 10.052843812 -1.132669465 -0.358991381 -0.587764894 0.613934156 -0.385671454
31 18.769013563 9.671544860 -1.039916661 -0.358012314 -0.588530097 0.615596034 -0.382754530
32 17.440130039 8.767172021 -0.803358096 -0.361774750 -0.589348436 0.611521232 -0.384485676
33 16.469770552 7.052073078 -0.774360447 -0.379216698 -0.578138925 0.600512363 -0.401665259
34 15.576740587 4.992031507 -0.513294640 -0.409517111 -0.560879082 0.578979004 -0.427192819
35 15.003486789 2.628633541 -0.439751958 -0.447284489 -0.532967863 0.548368007 -0.463868917
36 14.882606989 0.028413209 -0.147461308 0.495172766 0.496667201 -0.504298169 0.503794581
37 15.026471226 -2.603781124 -0.070572210 0.537248826 0.453918050 -0.459507985 0.542378571
38 15.553127723 -5.012021088 0.058666485 0.570343610 0.417852288 -0.417729063 0.570622521
39 16.241039716 -7.236965912 0.183467680 0.591983748 0.390106668 -0.386996377 0.589581066
40 17.485346195 -8.761233173 0.374284020 0.603169984 0.378321011 -0.370454378 0.596508790
41 18.708856978 -9.727681443 0.363820456 0.606463490 0.373027428 -0.365684902 0.599439009
42 19.955910814 -10.080639297 0.478568412 0.606528408 0.377254729 -0.366211340 0.596398704
43 21.392223609 -9.716205505 0.700931725 0.599821887 0.391355218 -0.377993973 0.586664600
44 22.522005089 -8.846760210 0.951223811 0.591307381 0.409317058 -0.391458285 0.574086699
45 23.634239123 -7.107467386 0.871360113 0.574659214 0.430991189 -0.414967625 0.558404203
46 24.311478484 -5.186840086 1.133562686 0.558999403 0.456594035 -0.434900094 0.538426840
47 24.854122716 -2.608141261 1.218213443 0.536243454 0.485013770 -0.461889278 0.513675868
48 24.993595027 -0.018664820 1.231121008 0.512121256 0.511683595 -0.487574647 0.488039631
49 24.833376958 2.585841938 1.343386525 0.486899413 0.538071701 -0.511607227 0.460071573
50 24.408010241 4.977065346 1.501713832 0.462175975 0.561334052 -0.532522187 0.433263859
51 23.537319156 7.099832324 1.623240053 0.438540122 0.583081248 -0.550459745 0.405823717
52 22.505849983 8.713187871 1.750486661 0.418041243 0.600571738 -0.564010204 0.382684722
53 21.279812412 9.691235884 1.939272935 0.404496952 0.613536912 -0.572549492 0.363513069
54 20.017303224 9.994976990 2.005623292 0.395384430 0.622446572 -0.577348239 0.350571574
55 18.718906322 9.655666460 2.159929776 0.394574162 0.627909745 -0.576211249 0.343542107
56 17.400031215 8.798971707 2.382307877 0.402942312 0.629368588 -0.569618515 0.342151167
57 16.360039560 7.168666820 2.547201688 0.423679334 0.623027951 -0.554168128 0.353878057
58 15.675255962 4.963255318 2.535254408 0.456574390 0.605390649 -0.529993959 0.379668793
59 15.063938087 2.641850737 2.762750734 0.498051899 0.581128923 -0.495398630 0.410869418
60 15.078606108 0.019206085 2.757090508 0.541995490 0.542887738 -0.453880973 0.453327537
61 15.026624867 -2.653417576 3.103771860 0.585096622 0.503893029 -0.404938665 0.489671763
62 15.545854998 -5.067054047 3.297460896 0.615574575 0.464511381 -0.367838840 0.519607263
63 16.356712262 -7.158253637 3.396926466 0.632750744 0.435566361 -0.342172193 0.541134578
64 17.407083548 -8.758441119 3.484423402 0.641168074 0.417350258 -0.328791361 0.553731437
65 18.762306686 -9.771526793 3.569616892 0.641752183 0.410507065 -0.327362156 0.558992044
66 19.891365027 -10.077566285 3.650692164 0.640476641 0.411816534 -0.330199514 0.557821742
67 21.181474935 -9.706943114 3.859379751 0.633221803 0.423545837 -0.341516670 0.550459295
68 22.424125986 -8.831154957 4.035125387 0.622460631 0.439666864 -0.357473322 0.539859830
69 23.627933364 -7.104656318 4.075070630 0.604444107 0.462127926 -0.382333138 0.524315242
70 24.331688826 -5.004245116 4.154986984 0.586624793 0.487227018 -0.404936245 0.504487684
71 24.873312862 -2.606080779 4.215290038 0.563932212 0.513441200 -0.430815553 0.482448498
72 25.108364673 -0.080347128 4.303013478 0.540558473 0.539410772 -0.455778112 0.457273298
73 24.877142585 2.591874860 4.525059582 0.516479122 0.566785612 -0.478633728 0.427683459
74 24.362502579 5.059047174 4.695763246 0.492001183 0.590628742 -0.499731326 0.399200609
75 23.619425642 7.150589726 4.728083742 0.468162751 0.611172983 -0.517315088 0.373732958
76 22.500633736 8.715143568 4.947357656 0.450075572 0.629501513 -0.528264361 0.349423224
77 21.299812159 9.741402519 5.094935300 0.436388282 0.643516474 -0.535894427 0.329042517
78 19.963459466 10.114507801 5.261913551 0.429720885 0.653986734 -0.538363280 0.312739975
79 18.652229813 9.847360438 5.376353295 0.428794684 0.661242531 -0.535417104 0.303680687
80 17.397014255 8.802829826 5.538173628 0.441707618 0.662447154 -0.524347962 0.301856527
81 16.308466966 7.191279947 5.714141332 0.462907178 0.659943428 -0.504583912 0.309170977
82 15.644047000 5.017625837 5.744686722 0.498294332 0.644374728 -0.476947425 0.330159237
83 15.084908400 2.653438157 5.970095422 0.540560669 0.620494028 -0.440291246 0.359061198
84 14.913497529 -0.058846606 6.155783634 0.584588598 0.587175712 -0.394507509 0.397296715
85 15.037576398 -2.652185033 6.292966322 0.625067564 0.543161375 -0.354370905 0.434381771
86 15.510697677 -5.071287945 6.429842945 0.652058209 0.503649221 -0.321174164 0.466909746
87 16.444261354 -7.082802178 6.418355626 0.665284745 0.474077318 -0.300310262 0.492402935
88 17.387684886 -8.765748039 6.674061631 0.673407841 0.453404760 -0.288957500 0.507394883
89 18.612755707 -9.748500542 6.648957999 0.672950891 0.443452969 -0.288663811 0.516875001
90 19.952012567 -10.066039553 6.833472149 0.668025726 0.445800364 -0.295282563 0.517505433
91 21.330962179 -9.618324129 6.865382061 0.657587645 0.455135502 -0.311203157 0.513403116
92 22.428180709 -8.799588261 7.147590607 0.648187473 0.469644520 -0.324998961 0.503649383
93 23.485362384 -7.131064509 7.280429076 0.631715719 0.490986399 -0.347852616 0.488739362
94 24.364807384 -4.981972135 7.202907594 0.611319408 0.514660248 -0.373318828 0.471218063
95 24.768430743 -2.621081314 7.467025837 0.591601521 0.540494656 -0.397240930 0.447294993
