0 25.000000000 0.000000000 -5.000000000 -0.448297854 -0.448297854 0.546835472 0.546835472
1 24.825981263 2.590642137 -4.943698307 -0.422891962 -0.473460469 0.571141210 0.520379949
2 24.329884207 5.016671989 -4.804215894 -0.397963917 -0.496738869 0.592745336 -0.493485748
3 23.549090912 7.085146324 -4.675777732 -0.374418230 -0.516137071 0.611321316 -0.468721412
4 22.510666224 8.699071997 -4.546183796 -0.353230997 -0.531572412 0.626707131 -0.447098204
5 21.315813679 9.660963963 -4.405526221 -0.336643538 -0.542329485 0.637958896 -0.430764792
6 20.003012386 10.041268347 -4.259983403 -0.324643593 -0.548666009 0.645877844 -0.420016618
7 18.706899214 9.686772369 -4.136905114 -0.319544297 -0.549224567 0.649531620 -0.417555375
8 17.458844433 8.676325945 -4.028986950 -0.321518792 -0.543647172 0.647950174 -0.425715857
9 16.357105666 7.161415903 -3.829683568 -0.334759289 -0.532202050 0.640168469 -0.441453879
10 15.595615941 4.982921293 -3.764210940 -0.360149312 -0.508753210 0.622370367 -0.473410784
11 15.046960693 2.678331079 -3.555093203 0.395539905 0.480233983 -0.594475806 0.509433040
12 14.837594583 0.035361019 -3.404801793 0.440296422 0.441325858 -0.553403937 0.552371823
13 15.065827146 -2.545910199 -3.264805285 0.483365532 0.402509432 -0.507743383 0.588676972
14 15.578415349 -4.956854293 -3.142531243 0.518577888 0.369508728 -0.465614534 0.614608314
15 16.415142693 -7.076431094 -3.049963929 0.544013131 0.346295449 -0.432608493 0.630062749
16 17.457641790 -8.601377454 -2.901518858 0.558995336 0.336936901 -0.412424882 0.635533993
17 18.704340859 -9.582451934 -2.781707301 0.566456009 0.336430888 -0.403473082 0.634941981
18 20.029178736 -9.952826274 -2.620834736 0.568388613 0.343815143 -0.403290470 0.629350720
19 21.330138909 -9.616258322 -2.484719820 0.564422081 0.357766839 -0.411519501 0.619743740
20 22.536412972 -8.601479657 -2.367887028 0.555392758 0.376950913 -0.426471980 0.606274314
21 23.543663545 -7.069280692 -2.234500224 0.542645597 0.399582936 -0.445541282 0.589374414
22 24.325660548 -5.023386541 -2.108093182 0.525447030 0.425419894 -0.468302602 0.568872574
23 24.830085502 -2.610805817 -1.987538965 0.504418400 0.453032385 -0.493178486 0.545067626
24 25.007485385 -0.027126581 -1.871405402 0.480837089 0.480472755 -0.518316360 0.518931380
25 24.841625712 2.561677975 -1.761400260 -0.455719855 -0.506495591 0.542371166 -0.491543639
26 24.350599218 4.996166885 -1.642159374 -0.430512487 -0.530161206 0.564065621 -0.464131523
27 23.567769095 7.080186067 -1.518357672 -0.406950815 -0.550402804 0.582354707 -0.438532534
28 22.523005557 8.692986717 -1.380865289 -0.386444867 -0.566863018 0.597075922 -0.415724700
29 21.317339559 9.698308486 -1.243721909 -0.370630555 -0.579113147 0.607614220 -0.397575041
30 20.068741348 9.992307166 -1.177625158 -0.359987577 -0.586156331 0.613902674 -0.387237919
31 18.730051558 9.676743598 -0.951134615 -0.358020672 -0.590398409 0.615119544 -0.380629560
32 17.493085470 8.699588720 -0.774922189 -0.364221346 -0.588766954 0.610959459 -0.383959404
33 16.420512589 7.117030940 -0.625647293 -0.380941869 -0.580066822 0.599737941 -0.398397008
34 15.553900739 5.087064959 -0.457850541 -0.409155719 -0.562869047 0.579293635 -0.424486653
35 14.999452230 2.636441994 -0.376748288 -0.448466261 -0.533721125 0.547731314 -0.462612345
36 14.825561881 0.014045427 -0.219168914 0.494837382 0.495725644 -0.504907867 0.504440380
37 15.042028774 -2.585921110 -0.072107532 0.537215275 0.454560174 -0.459155268 0.542172699
38 15.537486172 -4.998993431 0.043983737 0.569692089 0.417953046 -0.418192818 0.570859827
39 16.432510107 -7.077251116 0.118134316 0.590805159 0.391324784 -0.388790322 0.588775223
40 17.433707633 -8.754423984 0.291938262 0.602920968 0.376773030 -0.370742784 0.597560188
41 18.626230796 -9.774813896 0.495192225 0.609031173 0.373090388 -0.362403982 0.598788734
42 20.039487319 -9.925306771 0.471044198 0.604361421 0.379826159 -0.368464095 0.595578351
43 21.320915195 -9.620001448 0.624360545 0.598894326 0.391876185 -0.377760528 0.587414356
44 22.531590526 -8.593557282 0.758421893 0.588868172 0.409864209 -0.394032996 0.574441994
45 23.561935379 -7.050979654 0.902716211 0.574975304 0.432020966 -0.413962053 0.558029303
46 24.352475879 -5.065877275 1.077286049 0.557608214 0.457262004 -0.436555354 0.537962789
47 24.839088524 -2.630666386 1.164158078 0.535956167 0.484432462 -0.461966379 0.514454314
48 25.017391943 -0.057739012 1.291860487 0.512407967 0.511761977 -0.486922831 0.488307190
49 24.856607164 2.551321488 1.406202774 0.487197843 0.537990888 -0.510970972 0.460556981
50 24.374909092 4.973257955 1.523821844 0.462277551 0.561745468 -0.532231695 0.432979119
51 23.593440825 7.069366215 1.619462936 0.438884552 0.582146551 -0.550350329 0.406940116
52 22.530491812 8.710079994 1.782305323 0.419219794 0.599781917 -0.564068387 0.382548390
53 21.369785463 9.671152586 1.949933316 0.405534483 0.612829650 -0.572579297 0.363503166
54 20.035754003 10.047451930 2.089726659 0.396693976 0.622520867 -0.577306283 0.349025951
55 18.726518622 9.714762436 2.273395144 0.396479852 0.628201863 -0.575862558 0.341391946
56 17.488844686 8.708400439 2.406971403 0.405133699 0.628677592 -0.568622380 0.342490525
57 16.428481933 7.073255024 2.475830121 0.424672635 0.621229861 -0.554108469 0.355935975
58 15.691635739 4.973220270 2.570424320 0.456218465 0.606288479 -0.529605710 0.379205464
59 15.142260537 2.522761973 2.700007675 0.498849986 0.579454918 -0.494438395 0.413414274
60 14.870392939 0.038566894 3.027187706 0.544378074 0.546186827 -0.450692436 0.449676319
61 15.005901695 -2.586898198 3.099348047 0.584792045 0.503309716 -0.406559650 0.489292187
62 15.565001158 -5.036357750 3.226971336 0.613943263 0.464374096 -0.369622742 0.520393503
63 16.402399263 -7.140714786 3.363016749 0.631914747 0.435304127 -0.343384457 0.541554414
64 17.380237795 -8.831171550 3.566792706 0.641970021 0.417650286 -0.326710844 0.553807507
65 18.705864410 -9.760921508 3.610082290 0.642133376 0.411151461 -0.326141466 0.558794191
66 19.892420756 -10.162482701 3.800928608 0.641176267 0.413073775 -0.328172193 0.557284543
67 21.212494111 -9.825988479 3.904484024 0.633212723 0.423455209 -0.340279559 0.551304957
68 22.538044463 -8.629743793 3.884968869 0.619118452 0.441332632 -0.360794329 0.540134523
69 23.591770503 -7.040723536 4.039613024 0.603852369 0.463254211 -0.381681733 0.524477747
70 24.387236306 -5.074827068 4.238929141 0.586462610 0.487385551 -0.404398116 0.504954549
71 24.885404770 -2.660000295 4.344153268 0.564851481 0.513958159 -0.429475481 0.482017248
72 25.024061160 -0.035446603 4.437224628 0.541292069 0.540907555 -0.454721588 0.455686506
73 24.875419079 2.543630707 4.574577128 0.516626726 0.566798866 -0.477866850 0.428344657
74 24.435903374 4.965652626 4.675445605 0.491714513 0.590142957 -0.498839960 0.401381144
75 23.607847020 7.073129314 4.811859774 0.469778941 0.611086602 -0.515825988 0.373904349
76 22.553541432 8.717376570 4.973971384 0.450900908 0.628916252 -0.528384922 0.349230716
77 21.352634243 9.724000598 5.132589842 0.437703570 0.642901614 -0.535715368 0.328788905
78 20.216219448 9.985748403 5.143080806 0.430466125 0.651104493 -0.538634534 0.317229715
79 18.673281847 9.803361425 5.409860259 0.430320090 0.660635356 -0.534808536 0.303916726
80 17.419319655 8.793430585 5.584371666 0.441650225 0.662740257 -0.523842878 0.302173906
81 16.521137798 7.061904712 5.543285406 0.464485628 0.655761785 -0.505979231 0.313392088
82 15.628783621 5.066676765 5.876334484 0.498426437 0.645365697 -0.476234406 0.329051659
83 15.086711163 2.634525774 5.969537279 0.538939105 0.622217219 -0.439248987 0.359792579
84 14.920574427 0.044221380 6.084998021 0.583273000 0.586121311 -0.398004673 0.397299253
85 15.036226389 -2.572922379 6.349299178 0.623764324 0.545392513 -0.354661154 0.433221121
86 15.522161016 -5.083249225 6.413483797 0.650452788 0.505941062 -0.319772064 0.467633019
87 16.411378392 -7.144006365 6.606031519 0.664948715 0.475214752 -0.300252708 0.491795137
88 17.503478000 -8.689143476 6.783779359 0.671001034 0.457118438 -0.289866023 0.506732705
89 18.727116778 -9.789505095 6.848159329 0.671599910 0.446224726 -0.289192878 0.515950127
90 20.057432080 -10.108449827 6.950181559 0.666472119 0.447415169 -0.296180822 0.517601681
91 21.371673938 -9.769055883 7.073590041 0.658090058 0.455873323 -0.309287774 0.513262176
92 22.411039600 -8.795870614 7.155243635 0.647621676 0.470011058 -0.325166021 0.503927404
93 23.606695969 -7.048193244 7.148296517 0.629081518 0.491609256 -0.349804149 0.490116150
94 24.439751971 -4.989305317 7.291595929 0.610375682 0.515379671 -0.373624625 0.471412729
95 24.918001629 -2.709650450 7.543547257 0.590600629 0.540631403 -0.396537252 0.449073259
