0 25.000000000 0.000000000 -5.000000000 -0.448297854 -0.448297854 0.546835472 0.546835472
1 24.825981263 2.590642137 -4.943698307 -0.422891962 -0.473460469 0.571141210 0.520379949
2 24.330749721 5.019425260 -4.807500221 -0.397926086 -0.496726298 0.592784369 -0.493482023
3 23.539728654 7.126450808 -4.672405160 -0.374133383 -0.516414499 0.611448884 -0.468476829
4 22.530601344 8.671150229 -4.536602381 -0.353725956 -0.531519708 0.626456821 -0.447120341
5 21.286808337 9.682389556 -4.410964242 -0.335959833 -0.542573787 0.637837470 -0.431170545
6 20.043672223 10.030623031 -4.310915617 -0.324640732 -0.547972816 0.645926832 -0.420847616
7 18.663811659 9.716763054 -4.120075203 -0.318278538 -0.550011379 0.649331618 -0.417797445
8 17.434583753 8.696896126 -4.007396090 -0.321522879 -0.544186224 0.648148101 -0.424721594
9 16.432651617 7.082524770 -3.863533448 -0.335114429 -0.531260016 0.639545249 -0.443218896
10 15.633064238 4.976472796 -3.757631324 -0.360384044 -0.508949114 0.622330860 -0.473073399
11 14.999490730 2.665385898 -3.535015530 0.396115580 0.480223029 -0.593989360 0.509563470
12 14.851114085 0.032367866 -3.426963583 0.439929457 0.440788583 -0.553944410 0.552551435
13 15.018123342 -2.600908217 -3.283247358 0.483535235 0.401439066 -0.507439957 0.589529509
14 15.529187275 -5.034280196 -3.151834662 0.518862820 0.368543551 -0.465108239 0.615330278
15 16.347530903 -7.129443413 -3.022553555 0.544108907 0.346270532 -0.432416742 0.630125366
16 17.440902372 -8.738283398 -2.863134977 0.559905139 0.336191461 -0.411562391 0.635686979
17 18.678364757 -9.782528308 -2.704335100 0.568174663 0.335380861 -0.401515318 0.635202865
18 19.959880592 -10.032068630 -2.638256945 0.569246136 0.342055203 -0.402603400 0.629974267
19 21.325101696 -9.558962242 -2.501654153 0.563773559 0.358245624 -0.411910658 0.619797594
20 22.531924450 -8.561540815 -2.423636986 0.554615237 0.376802835 -0.427263185 0.606521008
21 23.557249617 -7.053141602 -2.241888390 0.542376872 0.399823734 -0.445576607 0.589431758
22 24.331004601 -4.985250372 -2.135864852 0.524848481 0.425621248 -0.468777954 0.568882988
23 24.828251466 -2.607771814 -1.992449199 0.504369684 0.453026754 -0.493189117 0.545107767
24 25.007485385 -0.027126581 -1.871405402 0.480837089 0.480472755 -0.518316360 0.518931380
25 24.841625712 2.561677975 -1.761400260 -0.455719855 -0.506495591 0.542371166 -0.491543639
26 24.354324187 4.992059132 -1.634694122 -0.430635619 -0.530195335 0.563971688 -0.464092453
27 23.579941289 7.061561919 -1.531241273 -0.407246657 -0.550107843 0.582427312 -0.438531581
28 22.525548941 8.680608535 -1.373596522 -0.386759028 -0.566876560 0.597005277 -0.415515486
29 21.253214432 9.801517734 -1.230157397 -0.369006644 -0.580415031 0.608181868 -0.396317176
30 20.083619100 10.019997517 -1.137353750 -0.360372363 -0.586596671 0.613660116 -0.386597164
31 18.748709565 9.692631178 -1.015908110 -0.356831235 -0.589891705 0.615627314 -0.381709650
32 17.443112576 8.746554076 -0.827051073 -0.361934478 -0.589027054 0.611726789 -0.384500844
33 16.446789502 7.077295565 -0.743210975 -0.379378975 -0.578531724 0.600415399 -0.401090995
34 15.628367962 4.989999457 -0.601887882 -0.408649982 -0.560451449 0.579710424 -0.427592317
35 15.028399565 2.599247433 -0.371784250 -0.449368139 -0.532966309 0.547157633 -0.463285780
36 14.864266055 0.033072124 -0.257650321 0.493814892 0.495455697 -0.505799793 0.504813901
37 15.034060650 -2.601639508 -0.064311319 0.537394092 0.454282563 -0.459085017 0.542287645
38 15.559705713 -5.012222235 0.054905505 0.570064167 0.417934531 -0.418050919 0.570605821
39 16.333032350 -7.193631917 0.240346867 0.592294624 0.391440863 -0.386640118 0.588617489
40 17.480849427 -8.712207920 0.334697286 0.603048889 0.377988640 -0.370449948 0.596844588
41 18.690562948 -9.742829835 0.401262719 0.606838207 0.373293502 -0.364896734 0.599374445
42 19.970216866 -10.080276215 0.585126879 0.606704633 0.378737033 -0.365953607 0.595437407
43 21.294371344 -9.732027793 0.722026152 0.600670360 0.391248281 -0.376148827 0.587053627
44 22.545022821 -8.746334893 0.822425142 0.589743185 0.409070647 -0.393023394 0.574801525
45 23.532823408 -7.181759392 0.980258575 0.576647385 0.431339678 -0.411938894 0.558328060
46 24.362815510 -4.949888391 0.971446222 0.555887881 0.457707049 -0.438072851 0.538131116
47 24.836704080 -2.578940958 1.118083915 0.535204322 0.484624817 -0.462631448 0.514458224
48 25.011893728 -0.034914546 1.280130772 0.512343104 0.511838532 -0.487194933 0.488023522
49 24.881501598 2.568011347 1.370888624 0.486504483 0.537871218 -0.511441269 0.460907551
50 24.359892858 4.998042523 1.514258206 0.462188019 0.561886743 -0.532579770 0.432463076
51 23.577432625 7.080201424 1.639125996 0.438913087 0.582333648 -0.550289507 0.406723842
52 22.520392752 8.721958691 1.819845464 0.419586452 0.600148425 -0.563878083 0.381851523
53 21.297244946 9.735568513 1.900603223 0.404513675 0.612795109 -0.573861558 0.362675825
54 20.003846846 10.021356992 2.030061612 0.395332059 0.622802607 -0.577361626 0.349975753
55 18.643229113 9.794962431 2.274415796 0.394167245 0.629251496 -0.576286127 0.341422081
56 17.402624229 8.790792425 2.383573131 0.403144040 0.629266052 -0.569586579 0.342155297
57 16.365779780 7.168163618 2.558363175 0.423689018 0.623121735 -0.553991791 0.353977422
58 15.565489030 5.052580916 2.648896372 0.455636553 0.607502515 -0.529814279 0.377667653
59 15.038887133 2.589991794 2.846330644 0.498662145 0.581843481 -0.493641862 0.411232222
60 14.861953280 -0.004574226 2.969706122 0.543757087 0.545432792 -0.450879609 0.451152832
61 15.052142119 -2.595361484 3.162961552 0.585037207 0.503434447 -0.406760637 0.488703395
62 15.529352693 -5.099495146 3.300277820 0.615668158 0.464443522 -0.367231232 0.519986689
63 16.349299296 -7.176131260 3.404257778 0.632840506 0.435157253 -0.342185512 0.541350289
64 17.396930631 -8.796424622 3.518624335 0.641389248 0.417357214 -0.328026685 0.553923535
65 18.732357500 -9.767322125 3.604092705 0.642043691 0.410834022 -0.326760353 0.558769162
66 20.040072866 -10.139917813 3.713359121 0.638948575 0.412881483 -0.331542287 0.557990422
67 21.268454510 -9.715125442 3.818392348 0.631570477 0.424166063 -0.342367342 0.551349696
68 22.509780895 -8.729972047 3.963719216 0.620288756 0.440845157 -0.359442822 0.540090977
69 23.536923269 -7.115563001 4.077796668 0.605507051 0.462400518 -0.380239250 0.524371132
70 24.406665918 -5.024698905 4.252416639 0.586256355 0.487669935 -0.405013209 0.504426229
71 24.811496777 -2.667309572 4.347985269 0.565549571 0.514049694 -0.428712132 0.481780555
72 25.041063508 -0.105005880 4.484083083 0.541782072 0.540845864 -0.453694015 0.456201357
73 24.865323781 2.575546767 4.543570727 0.516528722 0.566814890 -0.478413557 0.427831074
74 24.477268509 4.908839098 4.609883612 0.492082986 0.589017346 -0.499007372 0.402373638
75 23.685259529 7.058362152 4.766001655 0.469564008 0.610129204 -0.516327459 0.375043932
76 22.575931027 8.733900168 4.858537986 0.449780373 0.628197052 -0.529638132 0.350070749
77 21.328496845 9.674192075 5.013783884 0.436779845 0.642493028 -0.536293606 0.329871558
78 20.038202171 10.095566999 5.152840111 0.429335181 0.652786166 -0.539318795 0.314128574
79 18.678324212 9.743408923 5.387152808 0.431106417 0.660125407 -0.534580872 0.304310689
80 17.402606880 8.813714938 5.620339739 0.441729065 0.663014416 -0.523753553 0.301611561
81 16.408446746 7.145325243 5.647623090 0.464453991 0.656944085 -0.505723136 0.311369667
82 15.652529951 5.041645643 5.759493628 0.497976494 0.643410683 -0.477959372 0.331054289
83 15.071717653 2.653733388 5.998739592 0.540963076 0.620513943 -0.440065856 0.358696863
84 14.831989528 -0.037241557 6.171231964 0.585390104 0.586422158 -0.395021048 0.396718856
85 15.022013698 -2.590739556 6.367526736 0.624182546 0.545129999 -0.354382750 0.433176986
86 15.599518697 -5.059804628 6.501691721 0.650132112 0.505438481 -0.321998542 0.467094335
87 16.428066780 -7.151470630 6.627953542 0.665269212 0.474830206 -0.300589842 0.491527108
88 17.517370465 -8.737515891 6.693079436 0.671162677 0.454874903 -0.291144885 0.507803249
89 18.765375837 -9.787392774 6.827343669 0.671516564 0.445749150 -0.290042413 0.515992827
90 20.086974674 -10.123720840 6.966530305 0.666706646 0.446891534 -0.296709817 0.517449021
91 21.410211981 -9.761135351 7.080574627 0.658137310 0.455526810 -0.310172168 0.512975469
92 22.621751882 -8.752898378 7.201799875 0.645981439 0.470765282 -0.327871576 0.503575476
93 23.499318093 -7.165909083 7.281878563 0.631741544 0.490778413 -0.347435392 0.489211426
94 24.383732432 -5.050520981 7.463114943 0.613084517 0.514997125 -0.372131610 0.469492706
95 24.791883286 -2.616024676 7.502029566 0.591438731 0.540896478 -0.396897806 0.447329140
