0 25.000000000 0.000000000 -5.000000000 -0.448297854 -0.448297854 0.546835472 0.546835472
1 24.825981263 2.590642137 -4.943698307 -0.422891962 -0.473460469 0.571141210 0.520379949
2 24.329884207 5.016671989 -4.804215894 -0.397963917 -0.496738869 0.592745336 -0.493485748
3 23.557274231 7.077617418 -4.671851796 -0.374601740 -0.516110519 0.611263442 -0.468679500
4 22.511732823 8.684386893 -4.539215650 -0.353350730 -0.531627243 0.626552030 -0.447155779
5 21.340487151 9.635209092 -4.403271802 -0.336883949 -0.542252043 0.637670917 -0.431100601
6 20.025227575 10.018622306 -4.261223611 -0.325188772 -0.548455141 0.645765122 -0.420043602
7 18.720629614 9.665895381 -4.120279430 -0.320170591 -0.549219111 0.649330873 -0.417394991
8 17.396439068 8.780865620 -3.942877363 -0.321614532 -0.545183551 0.648156197 -0.423358633
9 16.353364503 7.162619338 -3.827590435 -0.334879760 -0.532085268 0.640267366 -0.441359846
10 15.516863328 5.086652411 -3.700809231 -0.359581935 -0.510638533 0.623050590 -0.470910907
11 15.064160503 2.617000340 -3.537332149 0.397417810 0.479562730 -0.593135464 0.510165653
12 14.834009311 0.032020521 -3.397690497 0.440370808 0.441406581 -0.553311718 0.552340406
13 15.066069628 -2.546001345 -3.270720144 0.483263864 0.402427688 -0.507833911 0.588738238
14 15.539469063 -5.016432569 -3.157300681 0.518688588 0.368756184 -0.465266874 0.615229844
15 16.339897001 -7.143350577 -3.053444271 0.544019018 0.345664315 -0.432475087 0.630495668
16 17.464558841 -8.580123858 -2.918351382 0.558540196 0.337176219 -0.412806763 0.635559299
17 18.679974038 -9.760930256 -2.737299043 0.567827154 0.335243098 -0.401756414 0.635433845
18 20.026553784 -9.927963179 -2.642505638 0.568045578 0.343814930 -0.403652945 0.629428165
19 21.330798717 -9.600530609 -2.493771948 0.564174169 0.357900731 -0.411652654 0.619803732
20 22.525789432 -8.591948128 -2.401103834 0.555019497 0.376742095 -0.426775785 0.606532093
21 23.550294248 -7.051392460 -2.237464386 0.542490312 0.399777265 -0.445660941 0.589295109
22 24.336129814 -5.001725743 -2.119711296 0.525095808 0.425638523 -0.468513590 0.568859610
23 24.828373147 -2.610124863 -1.990370786 0.504415881 0.452998208 -0.493194987 0.545083432
24 25.007485385 -0.027126581 -1.871405402 0.480837089 0.480472755 -0.518316360 0.518931380
25 24.841625712 2.561677975 -1.761400260 -0.455719855 -0.506495591 0.542371166 -0.491543639
26 24.350599218 4.996166885 -1.642159374 -0.430512487 -0.530161206 0.564065621 -0.464131523
27 23.579420188 7.062642067 -1.517774326 -0.407258440 -0.550237894 0.582234833 -0.438613066
28 22.525588917 8.685900689 -1.374830653 -0.386557226 -0.566893743 0.596942904 -0.415769365
29 21.319745636 9.685400729 -1.241175924 -0.370913440 -0.579051661 0.607606628 -0.397412355
30 20.060377984 10.013976477 -1.162833710 -0.359903024 -0.586415174 0.613923537 -0.386891391
31 18.736270739 9.675342243 -0.922861673 -0.358564700 -0.590515151 0.614956533 -0.380199519
32 17.440833908 8.746782285 -0.820603430 -0.361910801 -0.589103630 0.611630143 -0.384559557
33 16.410063860 7.116407146 -0.758811986 -0.378726356 -0.578572982 0.601092976 -0.400633107
34 15.600621659 5.021218020 -0.619544861 -0.408045975 -0.560306061 0.580295272 -0.427566367
35 15.089027640 2.621674570 -0.404831425 -0.449021052 -0.533069342 0.547588423 -0.462994699
36 14.822882067 0.005573121 -0.215586541 0.494975845 0.495608917 -0.504798479 0.504528701
37 15.031778188 -2.590278468 -0.057089806 0.537346772 0.454564722 -0.459022474 0.542151021
38 15.561807096 -5.031643138 0.063119671 0.569927552 0.418019692 -0.418080892 0.570657945
39 16.410722047 -7.111004861 0.198546582 0.590970490 0.392507038 -0.388290521 0.588151832
40 17.426420810 -8.766900508 0.287817041 0.602819177 0.376642449 -0.370829522 0.597691367
41 18.688552130 -9.743343560 0.411249498 0.606962349 0.373479734 -0.364557970 0.599338871
42 19.916895084 -10.132183188 0.625242029 0.607953671 0.378029551 -0.364606190 0.595439601
43 21.340473397 -9.566493018 0.577479127 0.598004395 0.392129968 -0.378795526 0.587485132
44 22.527834751 -8.608337588 0.749658647 0.588629219 0.409920097 -0.393797437 0.574808433
45 23.575305092 -7.029064744 0.890472501 0.574749242 0.432110731 -0.414296158 0.557944727
46 24.351215514 -5.078566211 1.078274289 0.557601027 0.457196418 -0.436481781 0.538085667
47 24.851775158 -2.635786122 1.175515454 0.535977377 0.484491177 -0.461951391 0.514390381
48 25.015500188 -0.050676323 1.291421121 0.512434146 0.511769348 -0.487021186 0.488173888
49 24.861240463 2.537891243 1.415311691 0.487291933 0.538025444 -0.510696145 0.460721869
50 24.366169889 4.980926869 1.524719934 0.462273367 0.561846359 -0.532299157 0.432769698
51 23.583017394 7.079205648 1.641687492 0.438930703 0.582450798 -0.550187141 0.406675566
52 22.527364731 8.707430881 1.789550566 0.419424519 0.599795307 -0.564031929 0.382356700
53 21.372761705 9.671859745 1.957940766 0.405768398 0.612833392 -0.572540163 0.363297402
54 20.044901671 10.038550652 2.103692075 0.397145215 0.622555030 -0.577085204 0.348817402
55 18.648466000 9.798177256 2.264815625 0.394014223 0.629276559 -0.576414488 0.341335820
56 17.467016486 8.696255482 2.308204103 0.403433514 0.628188417 -0.569457735 0.344003779
57 16.394951870 7.104817442 2.486902294 0.423715273 0.622509698 -0.554072036 0.354896073
58 15.654405721 4.971405969 2.563573514 0.456273454 0.605950050 -0.529821491 0.379378781
59 15.043779512 2.645633177 2.882298252 0.499302727 0.582579365 -0.493772527 0.409251466
60 14.861435982 -0.017825609 3.042087028 0.544817965 0.546276424 -0.449695700 0.450032478
61 15.100576222 -2.534356452 3.064597528 0.584261802 0.503681701 -0.407514701 0.488748053
62 15.554771080 -5.067952572 3.219283291 0.614250683 0.464595365 -0.368233374 0.520818037
63 16.355293224 -7.173307751 3.392890769 0.632794693 0.435224722 -0.342098852 0.541404372
64 17.478421864 -8.662244842 3.406444093 0.639811556 0.417578261 -0.330845226 0.553905231
65 18.711891767 -9.773485859 3.608145737 0.642184134 0.410856023 -0.326305573 0.558857351
66 20.025164441 -10.140110382 3.723170902 0.639046749 0.413075876 -0.331198699 0.557938165
67 21.351924779 -9.754663126 3.845026425 0.631175249 0.424056598 -0.343341972 0.551280416
68 22.573185224 -8.757645784 4.033577498 0.620156071 0.441483889 -0.359455223 0.539713225
69 23.607916183 -7.011167779 4.000654552 0.603384158 0.463136740 -0.382455613 0.524556596
70 24.390649589 -5.075223670 4.247725167 0.586302110 0.487547644 -0.404375094 0.505002886
71 24.884302681 -2.667944830 4.363195386 0.564930610 0.514012657 -0.429373026 0.481957673
72 25.023923476 -0.025892210 4.430410892 0.541268785 0.540875568 -0.454913886 0.455560181
73 24.872700074 2.556069936 4.565305815 0.516583092 0.566765984 -0.478108263 0.428171364
74 24.395418371 4.982410295 4.697254691 0.492312328 0.590442709 -0.498752072 0.400315313
75 23.677001498 7.045389664 4.775652242 0.469536982 0.610288867 -0.516027182 0.375231220
76 22.555560835 8.721496490 4.989087953 0.451181787 0.628960023 -0.528352595 0.348837814
77 21.359012577 9.713699340 5.137902697 0.438200556 0.642758947 -0.535642435 0.328524566
78 19.992393346 10.089121126 5.257753663 0.430628718 0.653106303 -0.538570131 0.312974886
79 18.662350306 9.813872572 5.428250909 0.430207554 0.660997474 -0.534621046 0.303618407
80 17.410358821 8.807815030 5.604168635 0.441615250 0.662946066 -0.523820034 0.301812949
81 16.394758172 7.153418702 5.689368323 0.464391260 0.657284731 -0.505426491 0.311225967
82 15.613412316 5.043107875 5.778336787 0.498455884 0.644671389 -0.476994557 0.329266951
83 15.067328187 2.657305399 6.000187574 0.541061030 0.620697703 -0.439928983 0.358398960
84 14.832016577 -0.044869835 6.168495089 0.585680428 0.586135315 -0.394964499 0.396770556
85 15.080253110 -2.609875990 6.206754431 0.622790256 0.544682209 -0.355080849 0.435167989
86 15.610535055 -5.003348526 6.370861838 0.649516957 0.505547830 -0.322520888 0.467471273
87 16.364027794 -7.225252291 6.526202082 0.665547578 0.474056990 -0.298523834 0.493153032
88 17.517835048 -8.752427846 6.679966183 0.671298805 0.454513062 -0.291019223 0.508019294
89 18.681039716 -9.693772099 6.726572567 0.671446970 0.445868425 -0.289775700 0.516130176
90 20.089149324 -10.106770331 6.938842028 0.666344541 0.447069957 -0.296871151 0.517668742
91 21.411415194 -9.741076097 7.083266146 0.658032445 0.455954166 -0.310039197 0.512810683
92 22.581600640 -8.770410369 7.206795717 0.646156912 0.470967036 -0.327069473 0.503683290
93 23.625835923 -7.154152242 7.372157611 0.630852063 0.491761246 -0.348210614 0.488820949
94 24.352409609 -4.997265046 7.246020673 0.611108389 0.514824800 -0.373163820 0.471434752
95 24.826192110 -2.730509836 7.534455710 0.591460949 0.540585562 -0.395547996 0.448868554
